0111
0112
0113
0114
0115
0116
0117
0118
01191
01192
01193
01194
01195
01199.02
01199.90
01211
01212
01213
01214
01215
01216
01219.01
01221
01229
01231
01232
01233
01234
01235
01239.01
01241.01
01241.90
01242
01243
01251
01252
01253.01
01253.02
01254
01270
01290.01
01290.90
01311
01312
01313
01314
01315
01316
01317
01318
01319
01321
01322
01323
01324
01329
01330
01341
01342.01
01342.02
01343
01344.01
01344.02
01345
01346
01349.10
01349.20
01351.01
01351.02
01352
01353.01
01354
01355.01
01355.02
01355.90
01356
01359.01
01359.02
01359.90
01371
01372
01373
01374
01375
01376
01377
01379.01
01379.02
01379.90
0141
0142
01441
01442
01443
01444
01445
01446
01447
01448
01449.01
01449.02
01449.90
01450
01460
01491.01
01499.01
01499.02
01499.03
01499.04
01499.05
01510
01520.01
01530
01540
01550
01591
01599.10
01610
01620
01630
01640
01651
01652
01653
01654
01655
01656
01657
01658
01659
01691
01699
01701
01702
01703
01704
01705
01706
01707
01708
01709.01
01709.02
01709.90
01801
01802
01809
01921.01
01922.01
01922.02
01929.02
01929.04
01929.05
01929.06
01929.07
01929.08
01929.90
01930.01
01930.02
01950.01
01970
02196
02910
02920
02944
02960.01
21119.90
21170.02
26190.01
02941
